100 100
1 127 127 0
2 98 245 9
3 43 226 22
4 59 218 11
5 67 232 27
6 88 226 23
7 84 211 16
8 79 243 28
9 88 232 25
10 50 248 24
11 76 210 6
12 67 244 17
13 55 213 6
14 73 232 17
15 66 259 33
16 56 250 5
17 56 229 15
18 75 249 29
19 141 54 35
20 161 64 4
21 162 73 8
22 163 55 31
23 187 50 32
24 155 38 27
25 157 59 17
26 161 24 29
27 151 65 24
28 166 45 5
29 156 51 19
30 159 45 31
31 184 65 9
32 147 32 1
33 226 219 34
34 183 201 29
35 212 207 27
36 237 194 21
37 203 230 2
38 223 209 30
39 193 202 1
40 197 206 30
41 210 182 25
42 205 210 25
43 219 180 26
44 196 212 27
45 219 205 2
46 226 196 13
47 218 234 17
48 192 191 15
49 157 179 14
50 158 146 12
51 164 173 7
52 160 170 18
53 144 171 19
54 156 152 5
55 129 152 12
56 155 162 31
57 150 176 23
58 169 179 28
59 130 167 6
60 133 149 1
61 162 150 11
62 144 182 34
63 163 188 19
64 239 145 6
65 230 140 19
66 216 142 11
67 235 160 22
68 208 135 3
69 234 137 29
70 217 123 9
71 217 158 24
72 234 168 30
73 231 130 1
74 224 119 9
75 219 115 13
76 225 114 29
77 245 149 2
78 207 150 2
79 231 157 6