100 100
1 85 78 0
2 290 161 18
3 113 10 18
4 290 228 1
5 290 48 27
6 26 10 33
7 230 10 4
8 290 288 3
9 290 190 24
10 256 10 27
11 216 10 27
12 170 290 27
13 290 130 32
14 288 10 11
15 262 290 19
16 290 209 31
17 227 290 29
18 290 266 29
19 10 223 29
20 82 10 8
21 10 262 23
22 10 35 32
23 10 192 16
24 297 10 17
25 290 112 21
26 10 235 4
27 255 290 22
28 184 290 31
29 10 141 35
30 290 140 9
31 10 30 17
32 10 290 29
33 241 290 23
34 161 290 15
35 290 176 18
36 291 293 7
37 290 17 27
38 164 10 5
39 10 249 18
40 10 281 15
41 290 29 19
42 10 213 1
43 152 10 33
44 9 276 1
45 207 10 25
46 261 10 35
47 290 70 7
48 290 53 20
49 129 10 15
50 290 168 24
51 140 290 32
52 290 97 1
53 52 10 4
54 290 254 14
55 27 290 2
56 66 10 20
57 10 24 27
58 118 290 25
59 194 290 3
60 290 84 20
61 221 10 14
62 199 290 12
63 14 10 34
64 5 290 10
65 137 10 12
66 94 290 4
67 10 5 22
68 9 10 22
69 143 10 18
70 290 58 1
71 10 182 7
72 37 290 34
73 77 10 32
74 10 169 12
75 290 275 1
76 290 221 17
77 290 151 20
78 0 289 23
79 290 124 32
80 32 290 1
81 290 203 27
82 3 10 30
83 283 290 31
84 10 58 5
85 10 96 17
86 291 34 25
87 16 290 32
88 127 290 9
89 42 10 27
90 233 290 13
91 85 290 4
92 289 5 2
93 10 44 17
94 291 233 11
95 278 289 24
96 179 290 12
97 290 156 18
98 290 118 13
99 290 146 17
100 22 289 3
101 290 64 1
102 10 120 12
103 135 289 28
104 290 259 30
105 290 195 29
106 290 244 34
107 147 290 19
108 10 132 30
109 289 185 10
110 10 115 16
111 11 15 35
112 10 208 11
113 291 214 25
114 289 135 18
115 10 230 17
116 290 90 10
117 283 9 34
118 172 10 33
119 248 10 31
120 177 11 13
121 289 43 23
122 153 290 25
123 10 78 7
124 213 290 24
125 191 10 13
126 10 159 3
127 113 289 30
128 121 10 14
129 11 49 8
130 289 239 31