100 200
1 264 241 0
2 462 145 15
3 465 137 35
4 464 139 23
5 460 119 29
6 446 144 30
7 447 125 4
8 438 133 6
9 449 140 35
10 451 131 18
11 458 151 10
12 467 144 35
13 472 139 10
14 478 126 29
15 29 354 20
16 59 358 35
17 49 378 28
18 67 388 22
19 48 379 30
20 46 370 31
21 60 384 33
22 27 366 10
23 65 363 31
24 51 374 1
25 37 370 11
26 46 367 1
27 48 375 25
28 467 338 6
29 457 383 9
30 467 377 10
31 454 377 21
32 479 351 1
33 471 354 28
34 473 382 26
35 460 357 2
36 459 367 35
37 487 358 27
38 473 373 11
39 486 339 6
40 461 356 9
41 124 476 3
42 126 452 14
43 101 473 35
44 128 455 26
45 148 494 20
46 111 465 14
47 120 480 15
48 98 484 27
49 121 456 28
50 128 475 16
51 124 470 9
52 118 474 23
53 129 497 9
54 258 140 11
55 272 113 34
56 257 130 30
57 253 112 29
58 261 92 1
59 259 117 12
60 270 138 27
61 273 101 4
62 266 117 19
63 261 95 2
64 294 129 28
65 270 118 16
66 261 137 24
67 261 67 16
68 271 98 26
69 263 93 28
70 251 84 5
71 234 64 16
72 270 70 10
73 285 64 13
74 276 79 11
75 258 73 25
76 261 83 8
77 277 54 22
78 257 48 22
79 256 85 18
80 475 338 31
81 482 336 10
82 480 318 9
83 456 339 1
84 461 325 24
85 479 328 29
86 479 338 8
87 474 340 14
88 497 355 32
89 492 326 15
90 497 350 14
91 481 362 19
92 485 341 28
93 305 320 11
94 282 311 33
95 277 317 34
96 276 317 19
97 252 313 30
98 268 299 29
99 279 309 31
100 281 304 6
101 282 326 6
102 298 343 30
103 297 304 22
104 292 325 19
105 278 321 33
106 257 102 24
107 260 100 4
108 236 120 16
109 260 99 7
110 237 80 34
111 266 104 21
112 268 101 26
113 270 97 29
114 249 91 2
115 277 95 27
116 253 87 23
117 249 128 11
118 263 91 1
119 392 313 18
120 421 304 19
121 393 315 28
122 375 317 7
123 394 316 8
124 369 306 5
125 381 323 7
126 385 323 22
127 377 330 19
128 371 315 35
129 391 312 19
130 413 295 18
131 392 289 5
132 90 128 29
133 113 168 16
134 116 151 7
135 97 135 13
136 121 125 25
137 105 156 27
138 100 132 33
139 116 141 9
140 121 130 20
141 111 136 5
142 136 130 34
143 117 112 5
144 142 134 30
145 24 138 5
146 3 144 3
147 5 152 34
148 14 154 29
149 23 150 17
150 17 136 2
151 16 165 22
152 15 151 20
153 9 182 8
154 1 162 19
155 36 180 18
156 17 170 24
157 -9 173 4
158 406 323 2
159 401 320 25
160 404 329 35
161 433 320 9
162 417 297 19
163 427 301 23
164 410 305 22
165 410 293 23
166 406 278 24
167 396 300 32
168 413 311 4
169 411 301 3
170 398 288 30
171 359 188 11
172 385 213 24
173 373 215 30
174 356 188 32
175 386 182 35
176 380 187 6
177 383 183 7
178 375 216 15
179 377 168 9
180 386 193 24
181 381 166 16
182 383 174 35
183 375 189 14
184 -1 258 14
185 2 224 19
186 23 225 33
187 23 214 5
188 -9 248 33
189 1 229 5
190 7 231 13
191 13 239 20
192 5 231 17
193 11 226 22
194 2 215 24
195 13 216 7
196 8 245 22