100 100
1 495 150 0
2 0 150 9
3 10 192 8
4 20 195 10
5 30 157 31
6 40 112 7
7 50 102 21
8 60 136 18
9 70 183 19
10 80 199 33
11 90 171 29
12 100 123 22
13 110 100 7
14 120 123 18
15 130 171 35
16 140 200 28
17 150 183 21
18 160 136 12
19 170 102 5
20 180 112 23
21 190 157 33
22 200 196 3
23 210 192 9
24 220 150 6
25 230 108 35
26 240 105 27
27 250 143 6
28 260 188 21
29 270 198 33
30 280 164 34
31 290 117 21
32 300 101 8
33 310 130 4
34 320 178 17
35 330 200 31
36 340 176 34
37 350 129 25
38 360 100 12
39 370 118 23
40 380 165 12
41 390 198 26
42 400 187 5
43 410 142 5
44 420 104 24
45 430 108 19
46 440 151 31
47 450 193 24
48 460 195 29
49 470 156 25
50 480 112 3
51 490 102 7
52 500 137 4
53 510 184 8
54 520 199 21
55 530 170 5
56 540 122 26
57 550 100 29
58 560 124 9
59 570 172 4
60 580 200 10
61 590 182 19
62 600 135 2
63 610 102 14
64 620 113 20
65 630 158 32
66 640 196 33
67 650 191 8
68 660 149 24
69 670 107 18
70 680 105 13
71 690 144 17
72 700 189 31
73 710 198 13
74 720 163 32
75 730 116 8
76 740 101 30
77 750 131 16
78 760 178 20
79 770 200 3
80 780 176 26
81 790 128 5
82 800 100 12
83 810 119 25
84 820 166 15
85 830 198 32
86 840 187 24
87 850 141 7
88 860 104 7
89 870 109 18
90 880 152 3
91 890 193 17
92 900 195 16
93 910 155 14
94 920 111 35
95 930 103 35
96 940 138 28
97 950 184 16
98 960 199 3
99 970 169 31
100 980 121 24
101 990 100 1
